1052 14558
399 1176
0 195
1 1959
944 1562
1054 14560
393 1179
2 1957
3 1790
387 14639
1463 7430
4 1320
5 1318
948 1567
397 1180
1457 7429
6 1743
7 1232
1124 2020
407 1162
8 1230
9 1228
952 1698
1126 2016
401 1174
10 1206
11 1204
395 342
1471 7991
12 1202
13 1200
956 1085
405 1166
1465 1426
14 1004
15 1028
1132 14545
415 14930
16 1014
17 1542
896 1131
1134 14816
409 191
18 1600
19 1912
403 14640
1415 1715
20 1652
21 1654
900 1235
413 14722
1409 14478
22 1602
23 1910
1140 14827
487 1299
24 1121
25 1618
904 1114
1142 14819
481 1411
26 1616
27 1559
411 1757
1423 14495
28 1614
29 1454
908 1116
485 1293
1417 14488
30 1740
31 1716
1084 2149
431 1852
32 120
33 1833
848 1548
1086 14537
425 14413
728 1999
34 1503
35 1507
419 14720
1367 14666
36 1509
37 1511
852 1581
429 1969
732 1927
1361 5609
38 1513
39 1515
1028 14835
439 1686
40 1517
41 1519
856 1506
1030 14839
433 1963
42 1551
43 14555
427 1208
1375 5870
44 161
45 1016
860 1706
437 1964
1369 14667
46 1015
47 1033
1036 9166
447 1633
48 14693
49 1201
928 1768
1038 1653
441 1968
50 1203
51 1205
435 14585
1447 9070
52 1207
53 1227
932 159
445 1980
1441 1779
54 1229
55 1231
1044 14480
391 1763
56 1579
57 1233
936 1417
1046 14512
385 1165
58 132
59 1734
443 14830
1455 1425
60 1319
61 1321
940 1750
389 14643
1449 14508
62 1789
63 1932
1116 205
463 1595
64 194
65 1958
1008 1556
1118 213
457 1598
66 1960
67 1522
451 1032
1527 14742
68 1550
69 1520
1012 1529
461 115
1521 14690
70 1518
71 1516
1188 2042
471 1031
72 1514
73 1512
1016 1621
1190 2038
465 1913
74 1730
75 1510
459 1348
1535 1956
76 1508
77 1504
1020 1248
469 1917
1529 14728
78 1534
79 118
1196 2084
479 1908
80 1741
801 1278
1318 8102
81 1453
960 1583
1198 2080
473 1847
82 1613
83 1560
467 1867
1479 7990
84 1826
805 14823
85 1442
964 1569
477 1311
1473 7995
86 1443
1316 8248
87 1444
88 1449
809 1266
1326 14942
89 1617
968 1576
90 1655
91 1609
475 1346
1487 1222
92 1599
813 1265
93 1541
972 1782
1481 7986
94 1650
1324 8231
95 1021
1148 2007
495 1296
96 117
97 1933
912 1747
1150 2011
489 1303
98 1026
99 1832
483 1845
1431 14499
100 1834
101 1835
916 1906
493 1300
1425 14489
102 100
103 1836
1092 14538
503 1414
104 1837
105 1001
920 1905
1094 2150
497 1290
106 1009
107 1017
491 147
1439 1667
108 1191
109 1682
924 1895
501 14852
1433 14501
110 1193
111 1036
1100 2138
511 1435
112 14920
113 1044
992 1253
1102 2061
505 14554
114 14961
115 14963
499 14959
1511 1803
116 14965
117 1692
996 1608
509 1433
1505 14600
118 1065
119 14592
1108 2157
455 1868
120 1069
121 1081
1000 1622
1110 2161
449 151
122 14847
123 1079
507 1387
1519 14684
124 141
125 1080
1004 1526
453 1916
1513 14724
126 14846
127 1072
128 1070
785 1724
314 14814
1302 7577
129 14591
130 1050
1207 2213
260 1389
131 14964
132 14962
789 1996
1193 14843
318 1093
133 14960
134 14854
312 14967
1300 1573
135 1041
136 1192
793 1993
258 1923
1310 8244
137 1664
138 1190
1215 2231
268 1408
139 1000
140 14858
797 1929
1201 2074
262 1395
141 1002
142 310
256 1108
1308 14941
143 110
144 1019
865 1711
266 1403
1382 14868
145 1025
146 1329
1159 2031
276 1398
147 1331
148 14522
869 1689
1209 2217
270 1410
149 1333
150 1335
264 1399
1380 14598
151 1337
152 1339
873 1642
274 1402
1390 14583
153 1369
154 14946
1167 2047
284 1924
155 1373
156 1777
877 325
1153 2019
278 1611
157 14833
158 1849
272 1732
1388 14650
159 1851
160 1853
817 1271
1334 7576
161 14534
976 2169
162 14533
1111 2163
292 1024
163 14532
1495 5601
164 1872
821 1279
165 1850
980 2197
1489 14433
166 1848
1332 8236
167 128
168 1376
825 1797
290 1045
1342 5817
169 14945
984 1691
170 1372
1119 2030
300 1059
171 1338
1503 14599
172 1336
829 320
1105 2067
294 14969
173 1334
988 1607
1497 5603
174 1332
288 114
1340 5813
175 14523
176 1330
769 14430
298 1057
1286 206
177 1328
178 1260
1191 2036
308 1060
179 1087
180 1013
773 1216
1113 2167
302 1063
181 1237
182 14442
296 1053
1284 2123
183 1239
184 1241
777 14710
306 1062
1294 2104
185 1243
186 1244
1199 2078
316 1089
187 1245
188 1246
781 1799
1185 2048
310 1056
189 1748
190 167
304 1066
1292 2108
191 1704
192 1780
849 1546
378 1149
1366 14925
193 130
194 1252
1271 2189
324 1098
195 1240
196 1238
853 160
1257 2178
382 1155
197 1236
198 14653
376 1145
1364 14572
199 14605
200 134
857 1185
322 1889
1374 5836
201 1753
202 1717
1279 2105
332 1152
203 1861
204 1863
861 1707
1265 2175
326 1092
205 1865
206 1316
320 1898
1372 5871
207 1981
208 1313
929 1896
330 1156
1446 1668
209 1983
210 1985
1223 2216
340 1140
549 1198
211 14972
212 14974
933 1413
1273 2193
334 1150
213 14832
214 14851
328 14926
1444 1778
215 14831
216 14973
937 1751
338 1142
1454 1423
217 14971
218 1984
1231 2073
348 1130
557 1742
219 14947
220 1312
941 1418
1217 2230
342 1136
221 1315
222 1866
336 1146
545 1760
1452 1419
223 1864
224 1862
881 1947
282 1390
1398 14485
225 14700
226 1037
1175 204
356 14636
227 14424
228 1661
885 1939
1161 2035
286 1382
229 1099
230 1601
280 1396
1396 14482
231 1101
232 1103
889 1940
354 14634
1406 14475
233 1105
234 158
1183 2052
364 14649
235 1106
236 1104
893 1950
1169 2051
358 14637
237 1256
238 1102
352 14622
1404 14473
239 1100
240 1042
833 1671
362 14623
1350 5829
241 1662
242 14621
1255 2186
372 1139
243 1038
244 1107
837 1886
1177 2091
366 1759
245 1109
246 1111
360 14635
1348 5839
247 14631
248 14630
841 1766
370 1135
1358 14579
249 1159
250 1161
1263 2171
380 1657
251 14850
252 1160
845 1883
1249 2102
374 1681
253 1158
254 14628
368 1843
1356 14576
255 1110
257 1383
688 1456
259 1925
261 1391
692 1276
263 1397
265 1401
696 1673
267 1407
269 1409
700 14548
271 102
273 1404
640 1363
275 1400
277 1610
644 1342
279 1802
281 1394
648 1362
283 1926
285 1922
652 1457
287 313
289 1043
592 116
291 1047
293 14966
596 1482
295 14855
297 1055
600 1448
299 14468
301 1061
604 14813
303 139
305 1064
672 1356
307 14469
309 1058
676 1636
311 1054
313 14844
680 1792
315 1890
317 1091
684 1464
319 1097
321 1900
752 14610
323 1082
325 1094
756 14556
327 1090
329 143
760 14431
331 1154
333 1656
764 14856
335 1148
1062 8101
337 1144
704 1124
339 1680
341 1138
708 1492
1060 8309
343 1134
344 1828
553 1811
1070 2158
345 1842
712 1129
346 1132
347 1758
349 14645
716 14450
1225 2212
350 14648
1068 2162
351 14624
353 14626
656 1465
355 14632
357 14629
660 14550
359 14633
361 14627
664 1349
363 14625
365 14644
668 1357
367 1133
369 1827
736 14452
371 1137
373 1141
740 1126
375 1143
377 1147
744 1620
379 1151
381 1153
748 14933
383 1157
384 1163
529 14927
386 1167
388 14641
533 1381
390 1175
392 1177
537 1769
394 1181
396 142
541 1584
398 1178
400 1764
609 1775
402 14642
404 14638
613 1450
406 1164
408 390
617 1441
410 1323
412 14931
621 1476
414 14719
416 14910
561 14894
1078 2137
417 184
720 1490
418 14929
1239 2089
420 14721
565 1304
421 1856
724 321
1233 2077
422 1756
1076 2062
423 1322
424 1209
569 1285
426 1210
1247 14654
428 1971
573 1733
1241 2057
430 1685
432 1965
513 1735
1539 14619
434 1961
436 1962
517 1436
438 1854
440 1684
521 1432
1547 14429
442 1970
444 1314
525 14443
446 1310
448 1343
593 1634
450 1340
452 14712
597 1480
454 1920
456 1914
601 1997
458 1596
460 314
605 14845
462 1593
464 1597
673 1354
466 14891
468 1921
677 1796
470 1035
472 1846
681 1470
474 1344
476 1309
685 1462
478 1979
480 1687
625 1473
482 14553
484 1291
629 1481
486 1297
488 1301
633 1727
490 1659
492 1658
637 1345
494 1298
496 1292
577 1703
498 1288
500 14957
581 1721
502 14864
504 1844
585 14899
506 1385
508 1431
589 1808
510 1378
512 1437
514 150
1458 7979
515 1736
516 1438
518 1434
519 1388
520 1386
522 1393
1466 1424
523 1746
524 14445
526 14444
527 1745
528 1439
530 153
1410 14665
531 1440
532 1379
534 1195
535 1197
536 1199
538 1838
1418 14497
539 1693
540 1582
542 137
543 1183
544 1184
546 1869
1362 5608
547 1870
548 1770
1216 221
550 1196
551 1194
552 1030
554 1915
1370 5702
555 1380
556 1188
1224 2214
558 14893
559 1807
560 1809
562 14897
1442 1841
563 14898
564 146
1232 2075
566 1302
567 1722
568 1283
570 14698
1450 14507
571 1287
572 1289
1240 2055
574 1731
575 14564
576 14869
578 1286
1522 14691
579 1284
580 1795
582 1305
583 1307
584 14900
586 14896
1530 14681
587 14895
588 1810
590 14892
591 1317
1315 8247
594 1728
1474 7997
595 1752
598 1478
599 1447
1323 8265
602 14563
1482 14811
603 1644
606 14425
607 1771
608 1773
610 135
1426 14511
611 1774
612 1772
614 1451
615 1011
616 1452
618 1445
1434 14502
619 1446
620 1580
622 1474
623 1472
624 1471
626 1475
1506 5827
627 1477
628 1479
630 1483
631 1485
632 124
634 1755
1514 14726
635 1739
636 1631
638 1725
639 1361
641 1365
1299 214
642 1367
643 1370
645 1368
646 1366
647 1364
649 1594
1307 8239
650 1754
651 1455
653 1459
654 1461
655 1463
657 1467
1379 5814
658 1469
659 1791
661 1793
662 1629
663 1347
665 1351
1387 5816
666 1353
667 1355
669 1359
670 1360
671 1358
1331 8250
674 1352
1490 1217
675 1350
678 1794
679 14551
1339 5811
682 1468
1498 5605
683 1466
686 1460
687 1458
689 14549
1283 2121
690 1294
691 14528
693 199
694 1676
695 1672
697 1677
1291 2110
698 1295
699 1277
701 14694
702 1120
703 1122
705 1406
1363 14569
706 1172
707 1494
709 1998
710 1125
1061 8313
711 1127
713 14456
1371 5832
714 14453
715 14451
717 1820
718 14447
1069 2160
719 14446
721 1488
1443 1840
722 1761
723 14427
725 1392
726 1487
1077 2002
727 1489
729 1491
1451 14506
730 1493
731 300
733 1825
734 14448
1085 14535
735 14449
737 14454
1395 122
738 14455
739 1128
741 1173
742 1405
743 1123
745 14695
1403 14472
746 14696
747 1723
749 14611
750 14613
751 14612
753 1306
1347 5837
754 1308
755 1264
757 14557
758 1859
759 14956
761 1325
1355 14578
762 1327
763 14651
765 133
766 14652
767 1326
768 1324
770 183
1202 2072
771 163
772 1234
774 1214
775 1212
776 1022
778 1882
1210 2221
779 1902
780 1800
782 1901
783 14709
784 1726
786 14968
1154 2021
787 14602
788 14562
790 1992
791 1994
792 1645
794 1991
1162 2037
795 1989
796 1282
798 1931
799 1280
800 1720
802 14917
1106 2153
803 1670
804 1274
1472 7993
806 1272
807 1270
808 1268
810 1262
1114 2168
811 1261
812 1263
1480 7988
814 1635
815 1267
816 1269
818 1273
1186 2046
819 14824
820 1275
1488 1218
822 1719
823 1281
824 1930
826 14928
1194 2088
827 178
828 1798
1496 5606
830 1521
831 1523
832 1765
834 1785
1266 2177
835 1787
836 14919
838 1788
839 1786
840 152
842 1524
1274 2195
843 1637
844 1639
846 1547
847 1549
1059 8337
850 1884
1218 2228
851 1638
854 1505
855 154
1067 2164
858 1705
1226 14655
859 1606
862 1708
863 1709
864 1710
866 1186
1170 2100
867 1187
868 1660
870 1088
871 1690
872 1646
874 1893
1178 2093
875 1591
876 1501
878 1955
879 1953
880 1951
882 1945
1250 2196
883 1943
884 1941
886 1937
887 1936
888 1938
890 1942
1258 2176
891 1944
892 1946
894 1952
895 1954
897 1211
1043 14479
898 1213
899 1215
901 14916
902 1170
903 1112
905 1117
1051 14760
906 1119
907 1118
909 1115
910 1113
911 103
913 1749
1123 2022
914 1888
915 1919
917 14432
918 1885
919 14459
921 1918
1131 2006
922 1887
923 101
925 1767
926 1737
927 334
1075 2064
930 1762
1234 2079
931 359
934 1909
935 1415
1083 2147
938 14903
1242 201
939 1420
942 1416
943 1558
1542 14617
945 1564
1027 14834
946 1566
947 1568
949 1694
950 1696
1540 14620
951 14932
953 14662
1035 1502
954 1801
955 1083
957 172
958 1086
1548 5611
959 14663
961 1565
1107 2155
962 1563
963 1561
965 1571
966 176
1317 8100
967 1572
969 1578
1115 14460
970 1781
971 14423
973 1577
974 1575
1325 14905
975 125
977 209
1187 2044
978 2200
979 2198
981 1592
982 1643
1333 7578
983 1647
985 188
1195 2086
986 1623
987 1625
989 1627
990 1249
1341 5815
991 1251
993 1255
1139 14825
994 1632
995 1630
997 1628
998 1626
999 1894
1001 119
1147 2005
1002 1530
1003 1528
1005 1553
1006 1555
1007 14661
1009 1554
1091 14542
1010 1525
1011 1527
1013 1718
1014 1533
1015 1619
1017 1247
1099 2140
1018 1254
1019 1250
1021 1020
1022 14660
1023 121
1024 1570
1025 14838
1026 14836
1029 14837
1031 1860
1032 1641
1033 1648
1034 1640
1037 1651
1039 1649
1040 1545
1041 1535
1042 1537
1045 14481
1047 14483
1048 14513
1049 14514
1050 14515
1053 14559
1055 14561
1056 14519
1057 8339
1058 8308
1063 14975
1064 292
1065 208
1066 2166
1071 2156
1072 2154
1073 2068
1074 2066
1079 2139
1080 2141
1081 2143
1082 2145
1087 14541
1088 14918
1089 14543
1090 14544
1093 14536
1095 2148
1096 2146
1097 2144
1098 2142
1101 2001
1103 2063
1104 2065
1109 2159
1112 2165
1117 14804
1120 2028
1121 2026
1122 2024
1125 2018
1127 2014
1128 2012
1129 2010
1130 2008
1133 14587
1135 14817
1136 14820
1137 14822
1138 14829
1141 14821
1143 14818
1144 14815
1145 14547
1146 14546
1149 2009
1151 2015
1152 2017
1155 2023
1156 2025
1157 2027
1158 2029
1160 2033
1163 2039
1164 2041
1165 2043
1166 2045
1168 2049
1171 2098
1172 2096
1173 2094
1174 2092
1176 203
1179 2095
1180 2097
1181 2099
1182 2054
1184 2050
1189 2040
1192 2034
1197 2082
1200 2076
1203 2090
1204 2101
1205 2207
1206 2211
1208 2215
1211 2223
1212 2225
1213 2227
1214 2229
1219 2226
1220 2224
1221 2222
1222 2218
1227 2133
1228 2135
1229 2013
1230 2071
1235 2081
1236 2083
1237 2085
1238 2087
1243 2058
1244 2056
1245 2136
1246 2132
1248 14464
1251 2194
1252 2192
1253 2190
1254 2188
1256 2184
1259 2174
1260 2172
1261 2219
1262 220
1264 2173
1267 2179
1268 2187
1269 2181
1270 2183
1272 2191
1275 14803
1276 202
1277 2070
1278 2103
1280 2107
1281 2109
1282 2113
1285 2125
1287 2126
1288 2124
1289 2122
1290 2114
1293 2106
1295 2069
1296 14970
1297 14664
1298 207
1301 7575
1303 8237
1304 14944
1305 14939
1306 14937
1309 14943
1311 14924
1312 8245
1313 8246
1314 8249
1319 8227
1320 8228
1321 8229
1322 8230
1327 8234
1328 14936
1329 14938
1330 8235
1335 1574
1336 171
1337 14867
1338 14568
1343 14607
1344 14530
1345 14457
1346 5869
1349 5835
1351 5604
1352 5701
1353 14577
1354 14586
1357 14573
1359 14570
1360 5607
1365 14575
1368 5704
1373 5838
1376 14882
1377 14588
1378 14857
1381 5812
1383 14458
1384 14531
1385 14608
1386 5818
1389 5873
1391 5831
1392 14584
1393 5874
1394 5834
1397 14484
1399 14486
1400 14520
1401 14470
1402 14521
1405 14474
1407 14476
1408 14477
1411 1540
1412 1538
1413 1536
1414 1552
1416 14487
1419 14498
1420 1714
1421 14527
1422 14921
1424 14496
1427 14922
1428 14923
1429 14492
1430 14493
1432 14500
1435 14503
1436 14504
1437 14505
1438 1669
1440 1665
1445 1666
1448 14509
1453 1421
1537 14614
1456 7427
1459 14428
1541 14618
1460 7982
1461 14582
1462 7432
1545 14934
1464 7428
1467 1422
1468 7983
1469 7987
1470 7989
1475 196
1476 7998
1477 7994
1478 7992
1483 14812
1484 5602
1485 5226
1486 175
1491 1219
1492 1221
1493 1223
1494 5225
1499 14886
1500 14887
1501 5830
1502 5828
1504 14601
1507 5600
1508 5840
1509 14878
1510 14876
1512 1805
1515 14727
1516 14680
1517 14683
1518 14741
1520 14687
1523 14689
1524 14688
1525 14686
1526 14685
1528 14682
1531 14725
1532 14723
1533 1806
1534 1804
1536 14609
1538 14616
1543 14615
1544 14877
1546 5841
