
120230112 20230112 1
120230113 20230113 1
120230114 20230114 1
120230115 20230115 1
120230116 20230116 1
120230117 20230117 1
120230118 20230118 1
120230119 20230119 1
120230120 20230120 1
120230121 20230121 1
120230122 20230122 1
120230123 20230123 1
120230124 20230124 1
120230125 20230125 1
120230126 20230126 1
220230112 20230112 1
220230113 20230113 1
220230114 20230114 1
220230115 20230115 1
220230116 20230116 1
220230117 20230117 1
220230118 20230118 1
220230119 20230119 1
220230120 20230120 1
220230121 20230121 1
220230122 20230122 1
220230123 20230123 1
220230124 20230124 1
220230125 20230125 1
220230126 20230126 1
1820230112 20230112 1
1820230113 20230113 1
1820230114 20230114 1
1820230115 20230115 1
1820230116 20230116 1
1820230117 20230117 1
1820230118 20230118 1
1820230119 20230119 1
1820230120 20230120 1
1820230121 20230121 1
1820230122 20230122 1
1820230123 20230123 1
1820230124 20230124 1
1820230125 20230125 1
1820230126 20230126 1
